{
 "cells": [
  {
   "cell_type": "code",
   "execution_count": 1,
   "id": "62dec6db-fb8c-4351-8e1f-a77e689497f3",
   "metadata": {},
   "outputs": [
    {
     "name": "stdout",
     "output_type": "stream",
     "text": [
      "<class 'pandas.core.frame.DataFrame'>\n",
      "RangeIndex: 505 entries, 0 to 504\n",
      "Data columns (total 1 columns):\n",
      " #   Column                                                                                            Non-Null Count  Dtype \n",
      "---  ------                                                                                            --------------  ----- \n",
      " 0    0.00632  18.00   2.310  0  0.5380  6.5750  65.20  4.0900   1  296.0  15.30 396.90   4.98  24.00  505 non-null    object\n",
      "dtypes: object(1)\n",
      "memory usage: 4.1+ KB\n"
     ]
    },
    {
     "data": {
      "text/plain": [
       "(None,\n",
       "    0.00632  18.00   2.310  0  0.5380  6.5750  65.20  4.0900   1  296.0  15.30 396.90   4.98  24.00\n",
       " 0   0.02731   0.00   7.070  0  0.4690  6.4210  78...                                              \n",
       " 1   0.02729   0.00   7.070  0  0.4690  7.1850  61...                                              \n",
       " 2   0.03237   0.00   2.180  0  0.4580  6.9980  45...                                              \n",
       " 3   0.06905   0.00   2.180  0  0.4580  7.1470  54...                                              \n",
       " 4   0.02985   0.00   2.180  0  0.4580  6.4300  58...                                              )"
      ]
     },
     "execution_count": 1,
     "metadata": {},
     "output_type": "execute_result"
    }
   ],
   "source": [
    "import pandas as pd\n",
    "\n",
    "# Load the dataset\n",
    "file_path = (\"C:\\\\Users\\\\Siddhi\\\\OneDrive\\\\Desktop\\\\project\\\\data set\\\\boston\\\\boston_housing.csv\")\n",
    "data = pd.read_csv(file_path)\n",
    "\n",
    "# Display the first few rows and summary of the dataset\n",
    "data_info = data.info()\n",
    "data_head = data.head()\n",
    "\n",
    "data_info, data_head\n"
   ]
  },
  {
   "cell_type": "code",
   "execution_count": 2,
   "id": "0c39a749-66c5-410b-8acd-4dd402c2dc47",
   "metadata": {
    "scrolled": true
   },
   "outputs": [
    {
     "name": "stdout",
     "output_type": "stream",
     "text": [
      "<class 'pandas.core.frame.DataFrame'>\n",
      "RangeIndex: 505 entries, 0 to 504\n",
      "Data columns (total 14 columns):\n",
      " #   Column   Non-Null Count  Dtype  \n",
      "---  ------   --------------  -----  \n",
      " 0   0.00632  505 non-null    float64\n",
      " 1   18.00    505 non-null    float64\n",
      " 2   2.310    505 non-null    float64\n",
      " 3   0        505 non-null    int64  \n",
      " 4   0.5380   505 non-null    float64\n",
      " 5   6.5750   505 non-null    float64\n",
      " 6   65.20    505 non-null    float64\n",
      " 7   4.0900   505 non-null    float64\n",
      " 8   1        505 non-null    int64  \n",
      " 9   296.0    505 non-null    float64\n",
      " 10  15.30    505 non-null    float64\n",
      " 11  396.90   505 non-null    float64\n",
      " 12  4.98     505 non-null    float64\n",
      " 13  24.00    505 non-null    float64\n",
      "dtypes: float64(12), int64(2)\n",
      "memory usage: 55.4 KB\n"
     ]
    },
    {
     "data": {
      "text/plain": [
       "(None,\n",
       "    0.00632  18.00  2.310  0  0.5380  6.5750  65.20  4.0900  1  296.0  15.30  \\\n",
       " 0  0.02731    0.0   7.07  0   0.469   6.421   78.9  4.9671  2  242.0   17.8   \n",
       " 1  0.02729    0.0   7.07  0   0.469   7.185   61.1  4.9671  2  242.0   17.8   \n",
       " 2  0.03237    0.0   2.18  0   0.458   6.998   45.8  6.0622  3  222.0   18.7   \n",
       " 3  0.06905    0.0   2.18  0   0.458   7.147   54.2  6.0622  3  222.0   18.7   \n",
       " 4  0.02985    0.0   2.18  0   0.458   6.430   58.7  6.0622  3  222.0   18.7   \n",
       " \n",
       "    396.90  4.98  24.00  \n",
       " 0  396.90  9.14   21.6  \n",
       " 1  392.83  4.03   34.7  \n",
       " 2  394.63  2.94   33.4  \n",
       " 3  396.90  5.33   36.2  \n",
       " 4  394.12  5.21   28.7  )"
      ]
     },
     "execution_count": 2,
     "metadata": {},
     "output_type": "execute_result"
    }
   ],
   "source": [
    "# Try reading the file with space as the delimiter\n",
    "data_fixed = pd.read_csv(file_path, delim_whitespace=True)\n",
    "\n",
    "# Display the first few rows and summary of the dataset\n",
    "data_fixed_info = data_fixed.info()\n",
    "data_fixed_head = data_fixed.head()\n",
    "\n",
    "data_fixed_info, data_fixed_head\n"
   ]
  },
  {
   "cell_type": "code",
   "execution_count": 3,
   "id": "03a788d0-bd5f-429d-97f7-3003452bd53b",
   "metadata": {},
   "outputs": [
    {
     "data": {
      "text/html": [
       "<div>\n",
       "<style scoped>\n",
       "    .dataframe tbody tr th:only-of-type {\n",
       "        vertical-align: middle;\n",
       "    }\n",
       "\n",
       "    .dataframe tbody tr th {\n",
       "        vertical-align: top;\n",
       "    }\n",
       "\n",
       "    .dataframe thead th {\n",
       "        text-align: right;\n",
       "    }\n",
       "</style>\n",
       "<table border=\"1\" class=\"dataframe\">\n",
       "  <thead>\n",
       "    <tr style=\"text-align: right;\">\n",
       "      <th></th>\n",
       "      <th>CRIM</th>\n",
       "      <th>ZN</th>\n",
       "      <th>INDUS</th>\n",
       "      <th>CHAS</th>\n",
       "      <th>NOX</th>\n",
       "      <th>RM</th>\n",
       "      <th>AGE</th>\n",
       "      <th>DIS</th>\n",
       "      <th>RAD</th>\n",
       "      <th>TAX</th>\n",
       "      <th>PTRATIO</th>\n",
       "      <th>B</th>\n",
       "      <th>LSTAT</th>\n",
       "      <th>MEDV</th>\n",
       "    </tr>\n",
       "  </thead>\n",
       "  <tbody>\n",
       "    <tr>\n",
       "      <th>0</th>\n",
       "      <td>0.02731</td>\n",
       "      <td>0.0</td>\n",
       "      <td>7.07</td>\n",
       "      <td>0</td>\n",
       "      <td>0.469</td>\n",
       "      <td>6.421</td>\n",
       "      <td>78.9</td>\n",
       "      <td>4.9671</td>\n",
       "      <td>2</td>\n",
       "      <td>242.0</td>\n",
       "      <td>17.8</td>\n",
       "      <td>396.90</td>\n",
       "      <td>9.14</td>\n",
       "      <td>21.6</td>\n",
       "    </tr>\n",
       "    <tr>\n",
       "      <th>1</th>\n",
       "      <td>0.02729</td>\n",
       "      <td>0.0</td>\n",
       "      <td>7.07</td>\n",
       "      <td>0</td>\n",
       "      <td>0.469</td>\n",
       "      <td>7.185</td>\n",
       "      <td>61.1</td>\n",
       "      <td>4.9671</td>\n",
       "      <td>2</td>\n",
       "      <td>242.0</td>\n",
       "      <td>17.8</td>\n",
       "      <td>392.83</td>\n",
       "      <td>4.03</td>\n",
       "      <td>34.7</td>\n",
       "    </tr>\n",
       "    <tr>\n",
       "      <th>2</th>\n",
       "      <td>0.03237</td>\n",
       "      <td>0.0</td>\n",
       "      <td>2.18</td>\n",
       "      <td>0</td>\n",
       "      <td>0.458</td>\n",
       "      <td>6.998</td>\n",
       "      <td>45.8</td>\n",
       "      <td>6.0622</td>\n",
       "      <td>3</td>\n",
       "      <td>222.0</td>\n",
       "      <td>18.7</td>\n",
       "      <td>394.63</td>\n",
       "      <td>2.94</td>\n",
       "      <td>33.4</td>\n",
       "    </tr>\n",
       "    <tr>\n",
       "      <th>3</th>\n",
       "      <td>0.06905</td>\n",
       "      <td>0.0</td>\n",
       "      <td>2.18</td>\n",
       "      <td>0</td>\n",
       "      <td>0.458</td>\n",
       "      <td>7.147</td>\n",
       "      <td>54.2</td>\n",
       "      <td>6.0622</td>\n",
       "      <td>3</td>\n",
       "      <td>222.0</td>\n",
       "      <td>18.7</td>\n",
       "      <td>396.90</td>\n",
       "      <td>5.33</td>\n",
       "      <td>36.2</td>\n",
       "    </tr>\n",
       "    <tr>\n",
       "      <th>4</th>\n",
       "      <td>0.02985</td>\n",
       "      <td>0.0</td>\n",
       "      <td>2.18</td>\n",
       "      <td>0</td>\n",
       "      <td>0.458</td>\n",
       "      <td>6.430</td>\n",
       "      <td>58.7</td>\n",
       "      <td>6.0622</td>\n",
       "      <td>3</td>\n",
       "      <td>222.0</td>\n",
       "      <td>18.7</td>\n",
       "      <td>394.12</td>\n",
       "      <td>5.21</td>\n",
       "      <td>28.7</td>\n",
       "    </tr>\n",
       "  </tbody>\n",
       "</table>\n",
       "</div>"
      ],
      "text/plain": [
       "      CRIM   ZN  INDUS  CHAS    NOX     RM   AGE     DIS  RAD    TAX  PTRATIO  \\\n",
       "0  0.02731  0.0   7.07     0  0.469  6.421  78.9  4.9671    2  242.0     17.8   \n",
       "1  0.02729  0.0   7.07     0  0.469  7.185  61.1  4.9671    2  242.0     17.8   \n",
       "2  0.03237  0.0   2.18     0  0.458  6.998  45.8  6.0622    3  222.0     18.7   \n",
       "3  0.06905  0.0   2.18     0  0.458  7.147  54.2  6.0622    3  222.0     18.7   \n",
       "4  0.02985  0.0   2.18     0  0.458  6.430  58.7  6.0622    3  222.0     18.7   \n",
       "\n",
       "        B  LSTAT  MEDV  \n",
       "0  396.90   9.14  21.6  \n",
       "1  392.83   4.03  34.7  \n",
       "2  394.63   2.94  33.4  \n",
       "3  396.90   5.33  36.2  \n",
       "4  394.12   5.21  28.7  "
      ]
     },
     "execution_count": 3,
     "metadata": {},
     "output_type": "execute_result"
    }
   ],
   "source": [
    "# Adding standard column names for the Boston Housing dataset\n",
    "column_names = [\n",
    "    'CRIM', 'ZN', 'INDUS', 'CHAS', 'NOX', 'RM', \n",
    "    'AGE', 'DIS', 'RAD', 'TAX', 'PTRATIO', 'B', 'LSTAT', 'MEDV'\n",
    "]\n",
    "data_fixed.columns = column_names\n",
    "\n",
    "# Display the first few rows to confirm\n",
    "data_fixed_head_with_columns = data_fixed.head()\n",
    "\n",
    "data_fixed_head_with_columns\n"
   ]
  },
  {
   "cell_type": "code",
   "execution_count": 7,
   "id": "389dc7ed-8bf3-4965-ac00-36ac080907a8",
   "metadata": {},
   "outputs": [
    {
     "data": {
      "text/plain": [
       "CRIM       0\n",
       "ZN         0\n",
       "INDUS      0\n",
       "CHAS       0\n",
       "NOX        0\n",
       "RM         0\n",
       "AGE        0\n",
       "DIS        0\n",
       "RAD        0\n",
       "TAX        0\n",
       "PTRATIO    0\n",
       "B          0\n",
       "LSTAT      0\n",
       "MEDV       0\n",
       "dtype: int64"
      ]
     },
     "execution_count": 7,
     "metadata": {},
     "output_type": "execute_result"
    }
   ],
   "source": [
    "# Check for missing values\n",
    "missing_values = data_fixed.isnull().sum()\n",
    "\n",
    "missing_values\n"
   ]
  },
  {
   "cell_type": "code",
   "execution_count": 9,
   "id": "8a2ed7f0-ac63-430f-a097-d0338fb6f754",
   "metadata": {},
   "outputs": [
    {
     "data": {
      "text/html": [
       "<div>\n",
       "<style scoped>\n",
       "    .dataframe tbody tr th:only-of-type {\n",
       "        vertical-align: middle;\n",
       "    }\n",
       "\n",
       "    .dataframe tbody tr th {\n",
       "        vertical-align: top;\n",
       "    }\n",
       "\n",
       "    .dataframe thead th {\n",
       "        text-align: right;\n",
       "    }\n",
       "</style>\n",
       "<table border=\"1\" class=\"dataframe\">\n",
       "  <thead>\n",
       "    <tr style=\"text-align: right;\">\n",
       "      <th></th>\n",
       "      <th>CRIM</th>\n",
       "      <th>ZN</th>\n",
       "      <th>INDUS</th>\n",
       "      <th>CHAS</th>\n",
       "      <th>NOX</th>\n",
       "      <th>RM</th>\n",
       "      <th>AGE</th>\n",
       "      <th>DIS</th>\n",
       "      <th>RAD</th>\n",
       "      <th>TAX</th>\n",
       "      <th>PTRATIO</th>\n",
       "      <th>B</th>\n",
       "      <th>LSTAT</th>\n",
       "      <th>MEDV</th>\n",
       "    </tr>\n",
       "  </thead>\n",
       "  <tbody>\n",
       "    <tr>\n",
       "      <th>CRIM</th>\n",
       "      <td>1.000000</td>\n",
       "      <td>-0.200283</td>\n",
       "      <td>0.406251</td>\n",
       "      <td>-0.056132</td>\n",
       "      <td>0.420934</td>\n",
       "      <td>-0.218978</td>\n",
       "      <td>0.352701</td>\n",
       "      <td>-0.379627</td>\n",
       "      <td>0.625396</td>\n",
       "      <td>0.582568</td>\n",
       "      <td>0.289394</td>\n",
       "      <td>-0.384839</td>\n",
       "      <td>0.455329</td>\n",
       "      <td>-0.388249</td>\n",
       "    </tr>\n",
       "    <tr>\n",
       "      <th>ZN</th>\n",
       "      <td>-0.200283</td>\n",
       "      <td>1.000000</td>\n",
       "      <td>-0.534022</td>\n",
       "      <td>-0.042550</td>\n",
       "      <td>-0.516574</td>\n",
       "      <td>0.311835</td>\n",
       "      <td>-0.569524</td>\n",
       "      <td>0.664395</td>\n",
       "      <td>-0.311717</td>\n",
       "      <td>-0.314351</td>\n",
       "      <td>-0.391713</td>\n",
       "      <td>0.175319</td>\n",
       "      <td>-0.412894</td>\n",
       "      <td>0.360393</td>\n",
       "    </tr>\n",
       "    <tr>\n",
       "      <th>INDUS</th>\n",
       "      <td>0.406251</td>\n",
       "      <td>-0.534022</td>\n",
       "      <td>1.000000</td>\n",
       "      <td>0.062350</td>\n",
       "      <td>0.764556</td>\n",
       "      <td>-0.391330</td>\n",
       "      <td>0.645543</td>\n",
       "      <td>-0.708848</td>\n",
       "      <td>0.594167</td>\n",
       "      <td>0.720561</td>\n",
       "      <td>0.380955</td>\n",
       "      <td>-0.356506</td>\n",
       "      <td>0.602737</td>\n",
       "      <td>-0.484126</td>\n",
       "    </tr>\n",
       "    <tr>\n",
       "      <th>CHAS</th>\n",
       "      <td>-0.056132</td>\n",
       "      <td>-0.042550</td>\n",
       "      <td>0.062350</td>\n",
       "      <td>1.000000</td>\n",
       "      <td>0.091134</td>\n",
       "      <td>0.091497</td>\n",
       "      <td>0.086461</td>\n",
       "      <td>-0.099109</td>\n",
       "      <td>-0.007907</td>\n",
       "      <td>-0.035965</td>\n",
       "      <td>-0.122570</td>\n",
       "      <td>0.049040</td>\n",
       "      <td>-0.054576</td>\n",
       "      <td>0.175364</td>\n",
       "    </tr>\n",
       "    <tr>\n",
       "      <th>NOX</th>\n",
       "      <td>0.420934</td>\n",
       "      <td>-0.516574</td>\n",
       "      <td>0.764556</td>\n",
       "      <td>0.091134</td>\n",
       "      <td>1.000000</td>\n",
       "      <td>-0.302127</td>\n",
       "      <td>0.731461</td>\n",
       "      <td>-0.769221</td>\n",
       "      <td>0.611758</td>\n",
       "      <td>0.668141</td>\n",
       "      <td>0.188918</td>\n",
       "      <td>-0.380006</td>\n",
       "      <td>0.591262</td>\n",
       "      <td>-0.427295</td>\n",
       "    </tr>\n",
       "    <tr>\n",
       "      <th>RM</th>\n",
       "      <td>-0.218978</td>\n",
       "      <td>0.311835</td>\n",
       "      <td>-0.391330</td>\n",
       "      <td>0.091497</td>\n",
       "      <td>-0.302127</td>\n",
       "      <td>1.000000</td>\n",
       "      <td>-0.240211</td>\n",
       "      <td>0.205170</td>\n",
       "      <td>-0.209277</td>\n",
       "      <td>-0.291680</td>\n",
       "      <td>-0.355116</td>\n",
       "      <td>0.127754</td>\n",
       "      <td>-0.613734</td>\n",
       "      <td>0.695365</td>\n",
       "    </tr>\n",
       "    <tr>\n",
       "      <th>AGE</th>\n",
       "      <td>0.352701</td>\n",
       "      <td>-0.569524</td>\n",
       "      <td>0.645543</td>\n",
       "      <td>0.086461</td>\n",
       "      <td>0.731461</td>\n",
       "      <td>-0.240211</td>\n",
       "      <td>1.000000</td>\n",
       "      <td>-0.747872</td>\n",
       "      <td>0.456232</td>\n",
       "      <td>0.506527</td>\n",
       "      <td>0.261724</td>\n",
       "      <td>-0.273486</td>\n",
       "      <td>0.602782</td>\n",
       "      <td>-0.376932</td>\n",
       "    </tr>\n",
       "    <tr>\n",
       "      <th>DIS</th>\n",
       "      <td>-0.379627</td>\n",
       "      <td>0.664395</td>\n",
       "      <td>-0.708848</td>\n",
       "      <td>-0.099109</td>\n",
       "      <td>-0.769221</td>\n",
       "      <td>0.205170</td>\n",
       "      <td>-0.747872</td>\n",
       "      <td>1.000000</td>\n",
       "      <td>-0.494798</td>\n",
       "      <td>-0.534492</td>\n",
       "      <td>-0.232561</td>\n",
       "      <td>0.291451</td>\n",
       "      <td>-0.497277</td>\n",
       "      <td>0.249896</td>\n",
       "    </tr>\n",
       "    <tr>\n",
       "      <th>RAD</th>\n",
       "      <td>0.625396</td>\n",
       "      <td>-0.311717</td>\n",
       "      <td>0.594167</td>\n",
       "      <td>-0.007907</td>\n",
       "      <td>0.611758</td>\n",
       "      <td>-0.209277</td>\n",
       "      <td>0.456232</td>\n",
       "      <td>-0.494798</td>\n",
       "      <td>1.000000</td>\n",
       "      <td>0.910202</td>\n",
       "      <td>0.463322</td>\n",
       "      <td>-0.444065</td>\n",
       "      <td>0.487608</td>\n",
       "      <td>-0.381690</td>\n",
       "    </tr>\n",
       "    <tr>\n",
       "      <th>TAX</th>\n",
       "      <td>0.582568</td>\n",
       "      <td>-0.314351</td>\n",
       "      <td>0.720561</td>\n",
       "      <td>-0.035965</td>\n",
       "      <td>0.668141</td>\n",
       "      <td>-0.291680</td>\n",
       "      <td>0.506527</td>\n",
       "      <td>-0.534492</td>\n",
       "      <td>0.910202</td>\n",
       "      <td>1.000000</td>\n",
       "      <td>0.460100</td>\n",
       "      <td>-0.441505</td>\n",
       "      <td>0.543435</td>\n",
       "      <td>-0.468543</td>\n",
       "    </tr>\n",
       "    <tr>\n",
       "      <th>PTRATIO</th>\n",
       "      <td>0.289394</td>\n",
       "      <td>-0.391713</td>\n",
       "      <td>0.380955</td>\n",
       "      <td>-0.122570</td>\n",
       "      <td>0.188918</td>\n",
       "      <td>-0.355116</td>\n",
       "      <td>0.261724</td>\n",
       "      <td>-0.232561</td>\n",
       "      <td>0.463322</td>\n",
       "      <td>0.460100</td>\n",
       "      <td>1.000000</td>\n",
       "      <td>-0.176515</td>\n",
       "      <td>0.372148</td>\n",
       "      <td>-0.508411</td>\n",
       "    </tr>\n",
       "    <tr>\n",
       "      <th>B</th>\n",
       "      <td>-0.384839</td>\n",
       "      <td>0.175319</td>\n",
       "      <td>-0.356506</td>\n",
       "      <td>0.049040</td>\n",
       "      <td>-0.380006</td>\n",
       "      <td>0.127754</td>\n",
       "      <td>-0.273486</td>\n",
       "      <td>0.291451</td>\n",
       "      <td>-0.444065</td>\n",
       "      <td>-0.441505</td>\n",
       "      <td>-0.176515</td>\n",
       "      <td>1.000000</td>\n",
       "      <td>-0.365637</td>\n",
       "      <td>0.333394</td>\n",
       "    </tr>\n",
       "    <tr>\n",
       "      <th>LSTAT</th>\n",
       "      <td>0.455329</td>\n",
       "      <td>-0.412894</td>\n",
       "      <td>0.602737</td>\n",
       "      <td>-0.054576</td>\n",
       "      <td>0.591262</td>\n",
       "      <td>-0.613734</td>\n",
       "      <td>0.602782</td>\n",
       "      <td>-0.497277</td>\n",
       "      <td>0.487608</td>\n",
       "      <td>0.543435</td>\n",
       "      <td>0.372148</td>\n",
       "      <td>-0.365637</td>\n",
       "      <td>1.000000</td>\n",
       "      <td>-0.738187</td>\n",
       "    </tr>\n",
       "    <tr>\n",
       "      <th>MEDV</th>\n",
       "      <td>-0.388249</td>\n",
       "      <td>0.360393</td>\n",
       "      <td>-0.484126</td>\n",
       "      <td>0.175364</td>\n",
       "      <td>-0.427295</td>\n",
       "      <td>0.695365</td>\n",
       "      <td>-0.376932</td>\n",
       "      <td>0.249896</td>\n",
       "      <td>-0.381690</td>\n",
       "      <td>-0.468543</td>\n",
       "      <td>-0.508411</td>\n",
       "      <td>0.333394</td>\n",
       "      <td>-0.738187</td>\n",
       "      <td>1.000000</td>\n",
       "    </tr>\n",
       "  </tbody>\n",
       "</table>\n",
       "</div>"
      ],
      "text/plain": [
       "             CRIM        ZN     INDUS      CHAS       NOX        RM       AGE  \\\n",
       "CRIM     1.000000 -0.200283  0.406251 -0.056132  0.420934 -0.218978  0.352701   \n",
       "ZN      -0.200283  1.000000 -0.534022 -0.042550 -0.516574  0.311835 -0.569524   \n",
       "INDUS    0.406251 -0.534022  1.000000  0.062350  0.764556 -0.391330  0.645543   \n",
       "CHAS    -0.056132 -0.042550  0.062350  1.000000  0.091134  0.091497  0.086461   \n",
       "NOX      0.420934 -0.516574  0.764556  0.091134  1.000000 -0.302127  0.731461   \n",
       "RM      -0.218978  0.311835 -0.391330  0.091497 -0.302127  1.000000 -0.240211   \n",
       "AGE      0.352701 -0.569524  0.645543  0.086461  0.731461 -0.240211  1.000000   \n",
       "DIS     -0.379627  0.664395 -0.708848 -0.099109 -0.769221  0.205170 -0.747872   \n",
       "RAD      0.625396 -0.311717  0.594167 -0.007907  0.611758 -0.209277  0.456232   \n",
       "TAX      0.582568 -0.314351  0.720561 -0.035965  0.668141 -0.291680  0.506527   \n",
       "PTRATIO  0.289394 -0.391713  0.380955 -0.122570  0.188918 -0.355116  0.261724   \n",
       "B       -0.384839  0.175319 -0.356506  0.049040 -0.380006  0.127754 -0.273486   \n",
       "LSTAT    0.455329 -0.412894  0.602737 -0.054576  0.591262 -0.613734  0.602782   \n",
       "MEDV    -0.388249  0.360393 -0.484126  0.175364 -0.427295  0.695365 -0.376932   \n",
       "\n",
       "              DIS       RAD       TAX   PTRATIO         B     LSTAT      MEDV  \n",
       "CRIM    -0.379627  0.625396  0.582568  0.289394 -0.384839  0.455329 -0.388249  \n",
       "ZN       0.664395 -0.311717 -0.314351 -0.391713  0.175319 -0.412894  0.360393  \n",
       "INDUS   -0.708848  0.594167  0.720561  0.380955 -0.356506  0.602737 -0.484126  \n",
       "CHAS    -0.099109 -0.007907 -0.035965 -0.122570  0.049040 -0.054576  0.175364  \n",
       "NOX     -0.769221  0.611758  0.668141  0.188918 -0.380006  0.591262 -0.427295  \n",
       "RM       0.205170 -0.209277 -0.291680 -0.355116  0.127754 -0.613734  0.695365  \n",
       "AGE     -0.747872  0.456232  0.506527  0.261724 -0.273486  0.602782 -0.376932  \n",
       "DIS      1.000000 -0.494798 -0.534492 -0.232561  0.291451 -0.497277  0.249896  \n",
       "RAD     -0.494798  1.000000  0.910202  0.463322 -0.444065  0.487608 -0.381690  \n",
       "TAX     -0.534492  0.910202  1.000000  0.460100 -0.441505  0.543435 -0.468543  \n",
       "PTRATIO -0.232561  0.463322  0.460100  1.000000 -0.176515  0.372148 -0.508411  \n",
       "B        0.291451 -0.444065 -0.441505 -0.176515  1.000000 -0.365637  0.333394  \n",
       "LSTAT   -0.497277  0.487608  0.543435  0.372148 -0.365637  1.000000 -0.738187  \n",
       "MEDV     0.249896 -0.381690 -0.468543 -0.508411  0.333394 -0.738187  1.000000  "
      ]
     },
     "execution_count": 9,
     "metadata": {},
     "output_type": "execute_result"
    }
   ],
   "source": [
    "\n",
    "# Now, let's compute the correlation matrix\n",
    "correlation_matrix = data_fixed.corr()\n",
    "\n",
    "# Display the correlation matrix\n",
    "correlation_matrix"
   ]
  },
  {
   "cell_type": "code",
   "execution_count": 409,
   "id": "e73a8b03-19ba-4682-9d94-2b2ede7a327b",
   "metadata": {
    "scrolled": true
   },
   "outputs": [],
   "source": [
    "import matplotlib.pyplot as plt\n",
    "import seaborn as sns\n",
    "\n",
    "# Correlation with target variable for Boston Housing Dataset\n",
    "boston_corr = data_fixed.corr()\n",
    "\n",
    "# Top 10 features most correlated with MEDV (excluding MEDV itself)\n",
    "boston_top_features = boston_corr['MEDV'].abs().sort_values(ascending=False).head(11).index\n",
    "\n",
    "# Correlation matrix for the top features in Boston dataset\n",
    "boston_corr_top = boston_corr.loc[boston_top_features, boston_top_features]\n"
   ]
  },
  {
   "cell_type": "code",
   "execution_count": 20,
   "id": "e4a08e5f-e30e-4956-8456-b0a8fedcf204",
   "metadata": {},
   "outputs": [
    {
     "data": {
      "text/plain": [
       "{'X_train shape': (404, 13),\n",
       " 'X_test shape': (101, 13),\n",
       " 'y_train shape': (404,),\n",
       " 'y_test shape': (101,)}"
      ]
     },
     "execution_count": 20,
     "metadata": {},
     "output_type": "execute_result"
    }
   ],
   "source": [
    "from sklearn.model_selection import train_test_split\n",
    "from sklearn.preprocessing import StandardScaler\n",
    "\n",
    "# Features and target variable\n",
    "X = data_fixed.drop(columns='MEDV')\n",
    "y = data_fixed['MEDV']\n",
    "\n",
    "# Train-test split\n",
    "X_train, X_test, y_train, y_test = train_test_split(X, y, test_size=0.2, random_state=42)\n",
    "\n",
    "# Standardize the features\n",
    "scaler = StandardScaler()\n",
    "X_train_scaled = scaler.fit_transform(X_train)\n",
    "X_test_scaled = scaler.transform(X_test)\n",
    "\n",
    "# Convert scaled data back to DataFrame for better usability\n",
    "X_train_scaled_df = pd.DataFrame(X_train_scaled, columns=X.columns)\n",
    "X_test_scaled_df = pd.DataFrame(X_test_scaled, columns=X.columns)\n",
    "\n",
    "# Prepare the output in the desired format\n",
    "split_shapes = {\n",
    "    'X_train shape': X_train_scaled_df.shape,\n",
    "    'X_test shape': X_test_scaled_df.shape,\n",
    "    'y_train shape': y_train.shape,\n",
    "    'y_test shape': y_test.shape,\n",
    "}\n",
    "\n",
    "split_shapes\n",
    "\n"
   ]
  },
  {
   "cell_type": "code",
   "execution_count": 38,
   "id": "919de693-335d-4df6-8ea7-5f04aa6eef57",
   "metadata": {},
   "outputs": [],
   "source": [
    "import seaborn as sns\n",
    "import matplotlib.pyplot as plt\n",
    "\n",
    "# Correlation matrixz\n",
    "correlation_matrix = X_scaled_df.corr()\n",
    "\n",
    "# # Plotting the heatmap\n",
    "# plt.figure(figsize=(12, 8))\n",
    "# sns.heatmap(correlation_matrix, annot=True, cmap='coolwarm', fmt='.2f')\n",
    "# plt.title('Correlation Matrix - Boston Housing Dataset')\n",
    "# plt.show()\n"
   ]
  },
  {
   "cell_type": "code",
   "execution_count": 30,
   "id": "cad7f612-6327-4688-9ffc-6ff7ac0cc6f5",
   "metadata": {},
   "outputs": [],
   "source": [
    "from sklearn.preprocessing import StandardScaler\n",
    "\n",
    "# Features and target variable\n",
    "X = data_fixed.drop(columns='MEDV')\n",
    "y = data_fixed['MEDV']\n",
    "\n",
    "# Standardize the features\n",
    "scaler = StandardScaler()\n",
    "X_scaled = scaler.fit_transform(X)\n",
    "\n",
    "# Convert scaled data back to DataFrame for better usability\n",
    "X_scaled_df = pd.DataFrame(X_scaled, columns=X.columns)\n"
   ]
  },
  {
   "cell_type": "code",
   "execution_count": 66,
   "id": "1e942ca6-8ffd-48b3-84f0-f175f63f5558",
   "metadata": {},
   "outputs": [
    {
     "name": "stderr",
     "output_type": "stream",
     "text": [
      "C:\\Users\\Siddhi\\anaconda3\\Lib\\site-packages\\seaborn\\_oldcore.py:1119: FutureWarning: use_inf_as_na option is deprecated and will be removed in a future version. Convert inf values to NaN before operating instead.\n",
      "  with pd.option_context('mode.use_inf_as_na', True):\n"
     ]
    },
    {
     "data": {
